Frame count: 206
Vector
-4.03538e-33
-5.82991e-20
-1.10005e-15
-6.22976e-35
-8.90993e-22
-6.78823e-17
-9.96761e-34
-2.34884e-19
-1.78237e-14
Vector
-4.03538e-33
-5.82991e-20
-1.10005e-15
-6.22976e-35
-8.90993e-22
-6.78823e-17
-9.96761e-34
-2.34884e-19
-1.78237e-14
Vector
-4.03538e-33
-5.82991e-20
-1.10005e-15
-6.22976e-35
-8.90993e-22
-6.78823e-17
-9.96761e-34
-2.34884e-19
-1.78237e-14
Vector
-1.57636e-35
-2.2642e-19
-1.7933e-14
-9.79323e-37
-3.4582e-21
-6.83092e-17
-6.30513e-35
-5.97033e-17
-7.52797e-11
Vector
-9.73422e-37
-5.61782e-20
-1.10688e-15
-2.43356e-37
-3.45809e-21
-2.74978e-16
-6.3429e-35
-9.69131e-16
-4.90555e-09
Vector
-9.73422e-37
-5.61782e-20
-1.10688e-15
-2.43356e-37
-3.45809e-21
-2.74978e-16
-6.3429e-35
-9.69131e-16
-4.90555e-09
Vector
-9.73422e-37
-5.61782e-20
-1.10688e-15
-2.43356e-37
-3.45809e-21
-2.74978e-16
-6.3429e-35
-9.69131e-16
-4.90555e-09
Vector
-9.73422e-37
-5.61782e-20
-1.10688e-15
-2.43356e-37
-3.45809e-21
-2.74978e-16
-6.3429e-35
-9.69131e-16
-4.90555e-09
Vector
-9.73422e-37
-5.61782e-20
-1.10688e-15
-2.43356e-37
-3.45809e-21
-2.74978e-16
-6.3429e-35
-9.69131e-16
-4.90555e-09
Vector
-2.4188e-37
-1.39382e-20
-2.74978e-16
-6.01013e-38
-8.5788e-22
-6.83092e-17
-1.56684e-35
-5.97016e-17
-1.21908e-09
Vector
-2.4188e-37
-1.39382e-20
-2.74978e-16
-6.01013e-38
-8.5788e-22
-6.83092e-17
-1.56684e-35
-5.97016e-17
-1.21908e-09
Vector
-2.44819e-37
-1.39391e-20
-4.39965e-15
-6.0836e-38
-3.45819e-21
-1.09295e-15
-6.38022e-35
-6.01404e-17
-7.80232e-08
Vector
-6.26756e-38
-5.57613e-20
-2.81571e-13
-6.26756e-38
-3.43214e-21
-6.99469e-14
-3.98745e-36
-1.48187e-17
-7.70864e-08
Vector
-6.26756e-38
-5.57613e-20
-2.81571e-13
-6.26756e-38
-3.43214e-21
-6.99469e-14
-3.98745e-36
-1.48187e-17
-7.70864e-08
Vector
-6.6068e-35
-3.65057e-18
-4.5622e-12
-6.26756e-38
-8.51417e-22
-4.31595e-15
-6.45545e-35
-5.97118e-17
-3.10216e-07
Vector
-4.349e-33
-2.37147e-16
-1.91538e-08
-6.71979e-35
-9.05945e-19
-3.04598e-07
-4.37289e-33
-2.5351e-13
-0.0842604
Vector
-2.82977e-31
-1.55117e-14
-5.02305e-06
-1.13191e-30
-2.53524e-13
-0.0842604
-1.91522e-26
-1.75504e-08
-5779.1
Vector
-4.57712e-30
-2.51755e-13
-0.00032722
-4.763e-27
-1.08226e-09
-357.178
-1.25813e-24
-1.15314e-06
-1.49593e+06
Vector
-1.84075e-29
-4.08503e-12
-0.0213097
-1.25177e-24
-4.61222e-06
-376030
-8.17658e-23
-1.86901e-05
-2.4198e+07
Vector
-3.16167e-25
-7.06708e-08
-93493.5
-3.30398e-22
-4.64273e-06
-371926
-1.32813e-21
-7.52447e-05
-1.5571e+09
Vector
-8.30115e-23
-4.64273e-06
-1.49593e+06
-3.33707e-22
-4.64284e-06
-2.39349e+07
-5.39225e-21
-0.000302894
-6.26207e+09
Vector
-5.36588e-21
-7.52429e-05
-6.01661e+06
-3.37015e-22
-2.8833e-07
-3.80861e+08
-5.44539e-21
-0.0012192
-6.26207e+09
Vector
-2.18879e-20
-1.86929e-05
-9.62658e+07
-3.41978e-22
-7.52466e-05
-1.5571e+09
-1.40082e-18
-0.0804743
-4.07257e+11
Vector
-5.47197e-21
-1.88117e-05
-1.53186e+09
-5.44508e-21
-0.000302909
-1.5571e+09
-9.00881e-17
-0.323873
-1.63765e+12
Vector
-5.47197e-21
-1.88117e-05
-1.53186e+09
-5.44508e-21
-0.000302909
-1.5571e+09
-9.00881e-17
-0.323873
-1.63765e+12
Vector
-5.5248e-21
-1.88126e-05
-6.16115e+09
-2.18866e-20
-0.00123455
-1.01275e+11
-3.65577e-16
-0.323881
-1.63765e+12
Vector
-5.5248e-21
-1.88126e-05
-6.16115e+09
-2.18866e-20
-0.00123455
-1.01275e+11
-3.65577e-16
-0.323881
-1.63765e+12
Vector
-1.3812e-21
-4.67323e-06
-2.47793e+10
-8.71263e-20
-0.00123452
-4.07257e+11
-3.67319e-16
-0.319975
-4.0724e+11
Vector
-2.19929e-20
-1.90505e-05
-2.47804e+10
-1.39402e-18
-0.00124978
-1.63772e+12
-5.90496e-15
-0.323881
-1.01275e+11
Vector
-5.47166e-21
-1.90501e-05
-6.16141e+09
-3.48505e-19
-0.00124975
-1.63772e+12
-5.90496e-15
-0.323881
-6.26233e+09
Vector
-8.75465e-20
-7.66808e-05
-2.47804e+10
-3.58611e-16
-0.0814547
-6.58537e+12
-1.47624e-15
-0.0199979
-1.55716e+09
Vector
-3.50186e-19
-0.000306731
-6.26233e+09
-1.44141e-15
-1.31893
-6.58537e+12
-2.29574e-17
-0.000306738
-6.01687e+06
Vector
-8.8822e-20
-0.0201195
-2.6065e+13
-5.96036e-15
-1.31127
-2.6065e+13
-9.00976e-20
-1.90519e-05
-1.53193e+09
Vector
-5.76624e-18
-0.325842
-1.04812e+14
-2.39529e-14
-1.3113
-1.04812e+14
-9.05227e-20
-7.66846e-05
-6.16141e+09
Vector
-9.31307e-17
-5.27621
-1.69465e+15
-3.88597e-13
-5.2767
-1.04812e+14
-9.00976e-20
-0.000308646
-2.47804e+10
Vector
-9.31307e-17
-5.27621
-1.69465e+15
-3.88597e-13
-5.2767
-1.04812e+14
-9.00976e-20
-0.000308646
-2.47804e+10
Vector
-1.49706e-15
-85.4233
-1.10153e+17
-3.9038e-13
-5.2142
-1.04808e+14
-8.8827e-20
-0.000308631
-9.96605e+10
Vector
-6.24608e-12
-1382.9
-4.42873e+17
-3.9038e-13
-1.31136
-4.21455e+14
-9.26953e-17
-0.00124993
-6.4129e+12
Vector
-1.01307e-10
-5563.85
-4.42873e+17
-2.43987e-14
-0.325872
-4.21455e+14
-3.72523e-16
-0.00503036
-2.57896e+13
Vector
-1.01307e-10
-5563.85
-4.42873e+17
-2.43987e-14
-0.325872
-4.21455e+14
-3.72523e-16
-0.00503036
-2.57896e+13
Vector
-4.07053e-10
-22383.9
-1.78054e+18
-3.92163e-13
-1.31136
-1.69465e+15
-6.01609e-15
-0.327818
-1.67702e+15
Vector
-4.07053e-10
-22383.9
-1.78054e+18
-3.92163e-13
-1.31136
-1.69465e+15
-6.01609e-15
-0.327818
-1.67702e+15
Vector
-4.07053e-10
-90047.6
-7.15831e+18
-2.46217e-14
-5.2767
-1.69465e+15
-2.42873e-14
-21.3558
-1.09025e+17
Vector
-4.07053e-10
-90047.6
-7.15831e+18
-2.46217e-14
-5.2767
-1.69465e+15
-2.42873e-14
-21.3558
-1.09025e+17
Vector
-4.07053e-10
-90047.6
-7.15831e+18
-6.30314e-12
-5563.6
-1.78054e+18
-1.00847e-10
-5595.97
-1.85108e+21
Vector
-4.07053e-10
-90047.6
-7.15831e+18
-6.30314e-12
-5563.6
-1.78054e+18
-1.00847e-10
-5595.97
-1.85108e+21
Vector
-2.6402e-08
-90053.6
-2.87779e+19
-4.05227e-10
-5595.97
-1.14535e+20
-2.64011e-08
-2.37096e+07
-4.83359e+23
Vector
-2.6402e-08
-90053.6
-2.87779e+19
-4.05227e-10
-5595.97
-1.14535e+20
-2.64011e-08
-2.37096e+07
-4.83359e+23
Vector
-1.06076e-07
-2.35785e+07
-1.86957e+21
-2.65189e-08
-2.37091e+07
-4.83359e+23
-0.00011149
-2.49529e+10
-3.13901e+25
Vector
-1.06076e-07
-2.35785e+07
-1.86957e+21
-2.65189e-08
-2.37091e+07
-4.83359e+23
-0.00011149
-2.49529e+10
-3.13901e+25
Vector
-1.06543e-07
-2.35785e+07
-3.02094e+22
-6.84845e-06
-6.2044e+09
-1.26167e+26
-0.0017915
-9.98157e+10
-1.27379e+26
Vector
-1.06543e-07
-2.35785e+07
-3.02094e+22
-6.84845e-06
-6.2044e+09
-1.26167e+26
-0.0017915
-9.98157e+10
-1.27379e+26
Vector
-1.06543e-07
-2.35785e+07
-3.02094e+22
-6.84845e-06
-6.2044e+09
-1.26167e+26
-0.0017915
-9.98157e+10
-1.27379e+26
Vector
-4.28042e-07
-2.37101e+07
-1.94292e+24
-0.000110533
-2.49529e+10
-1.26167e+26
-0.0017915
-2.49539e+10
-1.26167e+26
Vector
-4.28042e-07
-2.37101e+07
-1.94292e+24
-0.000110533
-2.49529e+10
-1.26167e+26
-0.0017915
-2.49539e+10
-1.26167e+26
Vector
-1.71217e-06
-9.53668e+07
-3.13901e+25
-0.00011149
-2.49529e+10
-1.26167e+26
-0.0017915
-2.49539e+10
-3.13901e+25
Vector
-1.71217e-06
-9.53668e+07
-3.13901e+25
-0.00011149
-2.49529e+10
-1.26167e+26
-0.0017915
-2.49539e+10
-3.13901e+25
Vector
-6.87837e-06
-6.2044e+09
-3.13901e+25
-0.000447875
-2.49534e+10
-5.07096e+26
-0.00044979
-6.2719e+09
-1.94299e+24
Vector
-6.87837e-06
-6.2044e+09
-3.13901e+25
-0.000447875
-2.49534e+10
-5.07096e+26
-0.00044979
-6.2719e+09
-1.94299e+24
Vector
-0.000449767
-6.23861e+09
-8.07486e+27
-0.00044979
-1.0035e+11
-1.26167e+26
-6.93844e-06
-3.81475e+08
-7.5153e+21
Vector
-0.000449767
-6.23861e+09
-8.07486e+27
-0.00044979
-1.0035e+11
-1.26167e+26
-6.93844e-06
-3.81475e+08
-7.5153e+21
Vector
-0.000451682
-1.00355e+11
-5.07096e+26
-0.0017915
-9.98157e+10
-7.88531e+24
-1.71965e-06
-5.89489e+06
-1.85108e+21
Vector
-0.000451682
-1.00355e+11
-5.07096e+26
-0.0017915
-9.98157e+10
-7.88531e+24
-1.71965e-06
-5.89489e+06
-1.85108e+21
Vector
-0.000451682
-1.00355e+11
-5.07096e+26
-0.0017915
-9.98157e+10
-7.88531e+24
-1.71965e-06
-5.89489e+06
-1.85108e+21
Vector
-0.00181439
-6.23874e+09
-8.07486e+27
-0.000112447
-3.83597e+08
-4.83359e+23
-2.66349e-08
-5596.47
-4.38361e+17
Vector
-0.00181439
-6.23874e+09
-8.07486e+27
-0.000112447
-3.83597e+08
-4.83359e+23
-2.66349e-08
-5596.47
-4.38361e+17
Vector
-0.000112442
-6.23848e+09
-4.99824e+26
-4.29898e-07
-5.89489e+06
-1.85108e+21
-6.38819e-12
-21.3593
-1.0371e+14
Vector
-0.000111484
-3.83613e+08
-1.20247e+23
-2.66349e-08
-5628.47
-2.80557e+19
-2.45093e-14
-0.00503084
-6.09417e+09
Vector
-6.96812e-06
-2.37116e+07
-2.99136e+22
-1.04494e-10
-345.764
-4.38361e+17
-2.34995e-17
-1.18338e-06
-1.51512e+09
Vector
-1.07474e-07
-5.89476e+06
-1.85108e+21
-1.59705e-12
-21.3588
-4.17049e+14
-8.63218e-23
-4.50515e-09
-2.3279e+07
Vector
-4.08865e-10
-347.756
-6.97775e+18
-1.53872e-15
-7.71763e-05
-3.76675e+08
-8.38306e-23
-6.90287e-11
-20.9457
Vector
-2.544e-11
-21.4838
-1.07332e+17
-3.63778e-19
-4.50583e-09
-1.43849e+06
-3.27463e-25
-9.83796e-16
-7.55894e-05
Vector
-1.59705e-12
-1.3193
-2.57896e+13
-2.15805e-23
-1.11898e-09
-5.78685e+06
-7.65265e-32
-3.51372e-21
-1.77532e-08
Vector
-2.47309e-14
-0.0202464
-9.85847e+10
-1.30985e-24
-2.77912e-10
-1364.62
nan
-1.96188e-28
-1.49013e-17
Vector
-2.47309e-14
-0.0202464
-9.85847e+10
-1.30985e-24
-2.77912e-10
-1364.62
nan
-1.96188e-28
-1.49013e-17
Vector
-2.36071e-17
-1.18344e-06
-2.3279e+07
-1.25381e-27
-4.01802e-15
-0.00492987
2.89788e+34
-2.92104e-33
-8.6305e-22
Vector
-5.57774e-21
-6.9034e-11
-22090.9
-1.1873e-30
-1.41608e-20
-4.40908e-09
4.24782e+29
-1.72385e-37
-1.27426e-26
Vector
-5.26536e-24
-2.62524e-13
-20.9457
-2.83826e-34
-3.30512e-24
-1.03364e-12
3.97835e+26
1.91584e+37
-4.74498e-32
Vector
-1.24114e-27
-9.97565e-16
-0.019842
-6.78184e-38
-1.96188e-28
-2.41904e-16
2.29497e+22
2.85957e+32
-1.75115e-37
Vector
-1.1873e-30
-2.33349e-19
-1.87786e-05
4.61055e+35
-1.1636e-32
-3.47857e-21
5.27785e+18
6.82541e+28
4.86709e+36
Vector
-7.02043e-35
-2.17901e-22
-2.75575e-10
1.66938e+30
-6.86603e-37
-3.17288e-27
1.87547e+13
4.01397e+24
7.26738e+31
Vector
nan
-3.17672e-27
-2.45393e-16
5.87557e+24
7.3532e+34
-4.57712e-35
1.77894e+13
6.45222e+25
4.75286e+33
Vector
1.6892e+33
-4.63476e-32
-1.36911e-23
1.27432e+18
2.70536e+29
3.05481e+35
1.70023e+13
2.58065e+26
4.81386e+33
Vector
9.4616e+25
7.56343e+37
-4.74468e-32
1.80648e+13
1.61314e+25
4.71221e+33
6.74603e+13
4.16765e+27
1.2532e+36
Vector
1.34648e+18
2.65613e+29
-4.28524e-38
2.64673e+08
6.18236e+22
4.71221e+33
2.7314e+14
4.18722e+27
1.23758e+36
Vector
1.77899e+13
6.45269e+25
1.21152e+36
4.23332e+12
1.03708e+27
4.81386e+33
4.37044e+15
1.08678e+30
7.83249e+34
Vector
2.73202e+11
1.03717e+27
7.60444e+34
2.69841e+14
6.73026e+28
7.76734e+34
6.96467e+16
1.08678e+30
3.14603e+35
Vector
4.31962e+12
4.12927e+27
2.98311e+32
4.3176e+15
6.73026e+28
4.85458e+33
6.99315e+16
1.74675e+31
7.89752e+34
Vector
2.76477e+14
4.34714e+30
1.27403e+36
7.33438e+19
1.13832e+33
3.26157e+38
4.5659e+18
2.83302e+32
8.12056e+37
Vector
7.07793e+16
4.53268e+33
8.35382e+37
4.74e+21
7.35041e+34
2.05513e+37
1.82636e+19
2.83307e+32
2.03848e+37
Vector
4.54796e+18
2.96597e+35
-7.38788e-37
1.95503e+22
7.38336e+34
-4.58055e-38
4.85054e+21
1.82147e+34
-1.83954e-37
Vector
1.95515e+22
4.74612e+36
-7.38765e-37
1.20352e+21
1.18128e+36
-7.38765e-37
1.20356e+21
1.91503e+37
-2.99051e-36
Vector
8.11643e+22
1.90685e+37
-2.96686e-36
7.99791e+22
1.88193e+37
-1.9319e-34
2.01724e+25
-9.5995e-39
-4.98478e-32
Vector
1.31763e+24
-1.70112e-37
-5.023e-32
3.27037e+23
-1.70109e-37
-7.78801e-34
2.10815e+25
-1.70847e-37
-1.29583e-29
Vector
1.31763e+24
-1.70112e-37
-1.24608e-32
1.29874e+24
-9.60022e-39
-4.98478e-32
2.13837e+25
-6.9225e-37
-8.09939e-31
Vector
1.31763e+24
-1.70112e-37
-1.24608e-32
1.29874e+24
-9.60022e-39
-4.98478e-32
2.13837e+25
-6.9225e-37
-8.09939e-31
Vector
5.38385e+24
-1.68652e-37
-2.02455e-31
3.37304e+26
-1.70853e-37
-5.2229e-29
8.94567e+28
-7.26944e-34
-5.51092e-26
Vector
5.30844e+24
-1.72319e-37
-2.00938e-31
8.73553e+25
-1.80228e-34
-8.61056e-28
5.92361e+30
-1.17283e-32
-1.45232e-23
Vector
1.36863e+27
-4.50556e-35
-1.36759e-26
3.84202e+32
-7.59894e-31
-2.35692e-22
6.31012e+33
-1.22573e-29
-2.35692e-22
Vector
8.82139e+28
-1.1583e-32
-5.89182e-23
6.46205e+36
-1.28045e-26
-1.00621e-18
4.19496e+35
-3.1886e-27
-9.49413e-22
Vector
2.50776e+34
-1.9612e-28
-4.02464e-18
1.08725e+38
-8.37798e-25
-2.6108e-16
2.73481e+37
-2.06504e-25
-1.00621e-18
Vector
-6.19352e-38
-8.71244e-22
-1.11923e-12
-4.08158e-36
-2.14535e-22
-4.41976e-12
-2.49216e-37
-5.44543e-23
-6.57038e-17
Vector
-1.03891e-33
-9.32997e-19
-1.88055e-08
-6.71935e-35
-2.31568e-19
-7.16328e-11
-2.59734e-34
-3.48529e-21
-6.99504e-14
Vector
-6.95796e-32
-1.51469e-17
-3.04628e-07
-1.72982e-32
-9.33103e-19
-1.88055e-08
-6.68203e-35
-5.61947e-20
-4.50525e-12
Vector
-2.814e-31
-1.52562e-17
-4.87416e-06
-6.99632e-32
-3.70552e-18
-7.56858e-08
-2.70285e-34
-3.6781e-18
-2.93814e-10
Vector
-1.75875e-32
-1.50393e-17
-4.87393e-06
-4.39687e-33
-1.47137e-17
-3.04599e-07
-1.68928e-35
-1.4604e-17
-4.75924e-09
Vector
-4.60139e-30
-9.83443e-16
-0.00127836
-1.14416e-30
-3.87815e-15
-1.22587e-06
-4.37289e-33
-2.3716e-16
-1.91538e-08
Vector
-1.85046e-29
-6.42744e-14
-0.00127836
-2.87599e-31
-3.87815e-15
-4.93342e-06
-7.03574e-32
-2.3716e-16
-7.70828e-08
Vector
-7.40182e-29
-1.5958e-14
-0.00514409
-2.87599e-31
-2.38915e-16
-7.9892e-05
-4.39734e-33
-2.37147e-16
-4.75924e-09
Vector
-1.22866e-27
-1.06782e-09
-88.2866
-4.77472e-30
-6.53676e-11
-0.34094
-2.90698e-31
-2.42887e-13
-1.92684e-08
Vector
-1.98614e-26
-4.30062e-09
-88.2866
-3.07166e-28
-1.06052e-09
-0.34094
-1.81686e-32
-3.71162e-15
-4.78789e-09
Vector
-3.21026e-25
-1.73198e-08
-88.2867
-1.22871e-27
-1.06052e-09
-0.34094
-1.74607e-35
-2.23269e-16
-1.19689e-09
Vector
-5.18832e-24
-2.80857e-07
-1428.65
-4.94e-27
-4.27141e-09
-0.340941
-1.7554e-35
-2.30221e-16
-1.23321e-06
Vector
-5.18832e-24
-4.55332e-06
-5746.72
-1.976e-26
-4.21331e-09
-0.0847411
-1.09125e-36
-9.27824e-16
-0.00032336
Vector
-5.18832e-24
-2.80857e-07
-355.154
-1.98614e-26
-6.44688e-11
-0.0210627
-2.80864e-34
-2.44642e-13
-0.000323361
Vector
-5.24022e-24
-1.73207e-08
-5746.72
-7.71906e-29
-2.54216e-10
-0.0211838
-1.79753e-32
-2.39334e-13
-0.00130867
Vector
-8.14729e-26
-6.97431e-08
-5746.72
-1.91987e-29
-6.30974e-11
-0.00526532
-4.51799e-33
-9.64414e-13
-0.00526532
Vector
-3.30745e-25
-6.88173e-08
-1428.59
-1.86516e-32
-2.4646e-13
-0.0208181
-2.82369e-34
-9.85758e-13
-0.0210627
Vector
-8.18752e-26
-6.88155e-08
-88.2828
-4.61457e-33
-2.46453e-13
-0.0208181
-2.90686e-31
-1.04588e-09
-89.2847
Vector
-3.2427e-25
-1.05339e-09
-1.35589
-2.92233e-31
-9.92891e-13
-0.0208181
-1.88027e-29
-1.69678e-08
-89.2847
Vector
-7.79795e-29
-1.63437e-11
-0.0837665
-7.30583e-32
-3.97167e-12
-5.51755
-3.05595e-28
-6.69437e-08
-89.7808
Vector
-3.04595e-31
-6.11745e-14
-0.33309
-1.88019e-29
-1.03141e-09
-357.123
-4.9402e-27
-1.70861e-08
-1428.59
Vector
-1.18126e-30
-4.00032e-12
-1.3402
-3.02414e-28
-1.70856e-08
-5746.47
-1.99635e-26
-6.88118e-08
-23114.4
Vector
-4.72503e-30
-9.93002e-13
-21.6942
-4.91466e-27
-6.88118e-08
-5746.47
-1.99635e-26
-2.7711e-07
-373942
Vector
-4.72503e-30
-9.93002e-13
-21.6942
-4.91466e-27
-6.88118e-08
-5746.47
-1.99635e-26
-2.7711e-07
-373942
Vector
-1.89991e-29
-1.63432e-11
-1412.59
-7.904e-26
-6.97431e-08
-23115.4
-5.18832e-24
-4.55332e-06
-1.50406e+06
Vector
-1.89991e-29
-1.63432e-11
-1412.59
-7.904e-26
-6.97431e-08
-23115.4
-5.18832e-24
-4.55332e-06
-1.50406e+06
Vector
-1.89009e-29
-2.65115e-10
-1428.65
-7.94455e-26
-6.97431e-08
-23115.4
-2.07533e-23
-1.8333e-05
-6.04912e+06
Vector
-1.89009e-29
-2.65115e-10
-1428.65
-7.94455e-26
-6.97431e-08
-23115.4
-2.07533e-23
-1.8333e-05
-6.04912e+06
Vector
-3.02415e-28
-1.06779e-09
-1428.65
-7.94455e-26
-2.80835e-07
-373958
-2.08571e-23
-1.8333e-05
-1.50406e+06
Vector
-3.02415e-28
-4.30028e-09
-355.154
-7.94455e-26
-2.80835e-07
-373958
-5.21427e-24
-1.82133e-05
-5810.85
Vector
-3.02415e-28
-1.06779e-09
-355.154
-7.94455e-26
-6.97431e-08
-23115.4
-3.2427e-25
-6.9745e-08
-1428.65
Vector
-3.02415e-28
-1.06779e-09
-355.154
-7.94455e-26
-6.97431e-08
-23115.4
-3.2427e-25
-6.9745e-08
-1428.65
Vector
-1.88019e-29
-2.65115e-10
-88.2866
-1.976e-26
-1.73189e-08
-5746.72
-1.99627e-26
-4.30062e-09
-21.9462
Vector
-1.88019e-29
-2.65115e-10
-88.2866
-1.976e-26
-4.30062e-09
-1428.65
-3.0875e-28
-2.6513e-10
-1.35595
Vector
-4.70048e-30
-1.63419e-11
-21.9462
-4.91466e-27
-1.06785e-09
-88.2866
-1.19368e-30
-1.00713e-12
-0.0837664
Vector
-1.89009e-29
-1.63423e-11
-88.2866
-1.22866e-27
-1.06782e-09
-21.9462
-1.18131e-30
-1.00713e-12
-0.0837664
Vector
-1.89009e-29
-1.63423e-11
-88.2866
-1.22866e-27
-1.06782e-09
-21.9462
-1.18131e-30
-1.00713e-12
-0.0837664
Vector
-1.88027e-29
-6.53676e-11
-22.1967
-3.05595e-28
-1.06049e-09
-0.0847449
-2.90698e-31
-9.99969e-13
-0.00523528
Vector
-1.88027e-29
-1.06043e-09
-22.1967
-3.05595e-28
-6.53712e-11
-0.0847449
-2.90698e-31
-2.49992e-13
-0.0837664
Vector
-1.88027e-29
-4.27084e-09
-22.1967
-3.04011e-28
-1.62291e-11
-0.0210637
-2.89152e-31
-2.49992e-13
-0.0837664
Vector
-1.20337e-27
-4.27118e-09
-5.51779
-4.75017e-30
-4.02852e-12
-0.00523528
-2.90686e-31
-1.0071e-12
-0.0837664
Vector
-3.04011e-28
-6.53712e-11
-0.34094
-2.90698e-31
-6.2054e-14
-0.00517413
-7.22849e-32
-9.99968e-13
-0.00130116
Vector
-3.04011e-28
-6.53712e-11
-0.34094
-2.90698e-31
-6.2054e-14
-0.00517413
-7.22849e-32
-9.99968e-13
-0.00130116
Vector
-1.90007e-29
-6.53676e-11
-0.0210637
-7.22879e-32
-6.20522e-14
-0.00517413
-1.79753e-32
-9.92863e-13
-7.75448e-08
Vector
-4.75017e-30
-1.62278e-11
-0.00523528
-7.26716e-32
-6.20539e-14
-0.0208191
-1.79753e-32
-9.55661e-16
-4.75924e-09
Vector
-1.17517e-30
-9.99997e-13
-0.00130116
-7.22849e-32
-2.44663e-13
-0.00523504
-6.94652e-35
-3.62399e-18
-2.938e-10
Vector
-2.90698e-31
-2.48216e-13
-0.00130116
-4.49382e-33
-3.99976e-12
-0.000329112
-6.79532e-35
-3.62378e-18
-1.1825e-09
Vector
-7.22879e-32
-6.20522e-14
-0.00517413
-4.49382e-33
-3.99976e-12
-5.05263e-06
-4.17627e-36
-8.99116e-19
-2.938e-10
Vector
-1.80712e-32
-1.5402e-14
-0.00517413
-1.79753e-32
-3.87815e-15
-3.04599e-07
-2.62475e-37
-5.53477e-20
-4.50503e-12
Vector
-1.80712e-32
-1.5402e-14
-0.00517413
-1.79753e-32
-3.87815e-15
-3.04599e-07
-2.62475e-37
-5.53477e-20
-4.50503e-12
Vector
-2.79342e-34
-3.76713e-15
-0.00128581
-2.79354e-34
-3.65142e-18
-2.88329e-10
-6.45123e-38
-3.40619e-21
-6.90536e-14
Vector
-2.79342e-34
-1.54016e-14
-0.000319553
-6.83264e-35
-2.24805e-19
-2.88329e-10
-1.60359e-38
-8.58138e-22
-1.71528e-14
Vector
-2.79342e-34
-6.16064e-14
-1.23327e-06
-6.52499e-38
-3.43266e-21
-7.16257e-11
1.13391e+38
-2.11479e-22
-2.66264e-16
Vector
-4.31751e-36
-2.33691e-16
-1.89192e-08
-1.61281e-38
-8.51521e-22
-1.77923e-11
2.83477e+37
-3.26554e-24
-1.64238e-17
Vector
-4.29391e-36
-9.06024e-19
-2.88329e-10
-1.60359e-38
-2.11492e-22
-4.41954e-12
2.83477e+37
-5.06185e-26
-4.02443e-18
Vector
-1.65894e-38
-8.51573e-22
-4.41954e-12
nan
-2.10662e-22
-6.90535e-14
1.7613e+36
-3.13831e-27
-1.52952e-20
Vector
-6.52499e-38
-8.51547e-22
-4.41954e-12
-1.56682e-38
-5.28698e-23
-1.05812e-15
1.07475e+35
-4.88374e-29
-9.42718e-22
Vector
-6.52499e-38
-8.51547e-22
-4.41954e-12
-1.56682e-38
-5.28698e-23
-1.05812e-15
1.07475e+35
-4.88374e-29
-9.42718e-22
Vector
-1.57604e-38
-3.40588e-21
-2.77998e-13
nan
-1.31136e-23
-4.07874e-18
4.07119e+32
-1.21098e-29
-9.01134e-25
Vector
nan
-8.58061e-22
-6.9057e-14
6.96214e+36
-2.02468e-25
-2.5152e-19
9.98707e+31
-4.65312e-32
-5.55099e-26
Vector
1.14058e+38
-8.51417e-22
-2.66264e-16
1.0748e+35
-7.78231e-28
-9.55927e-22
3.82663e+29
-7.14966e-34
-2.15245e-28
Vector
nan
-1.31138e-23
-1.64238e-17
1.64884e+33
-4.86371e-29
-1.46258e-23
2.32951e+28
-1.77983e-34
-5.34154e-29
Vector
2.75149e+37
-8.13115e-25
-1.01288e-18
1.00507e+32
-3.01507e-30
-5.55099e-26
1.40751e+27
-1.10292e-35
-3.28896e-30
Vector
1.71968e+36
-5.04142e-26
-1.55074e-20
9.92344e+31
-2.88412e-33
-3.41868e-27
8.73624e+25
-1.10288e-35
-3.28896e-30
Vector
1.05533e+35
-5.02091e-26
-2.42297e-22
3.80207e+29
-1.77983e-34
-2.0556e-31
2.15372e+25
-1.10286e-35
-5.10034e-32
Vector
1.04882e+35
-3.13807e-27
-6.01622e-23
2.34522e+28
-1.77977e-34
-3.28896e-30
8.61487e+25
-1.10288e-35
-5.10034e-32
Vector
2.58946e+34
-7.81349e-28
-3.70824e-24
1.40758e+27
-1.10288e-35
-3.28896e-30
8.49398e+25
-1.10284e-35
-5.10034e-32
Vector
1.60823e+33
-1.94542e-28
-5.67248e-26
1.39787e+27
-1.10288e-35
-3.28896e-30
8.49398e+25
-1.10284e-35
-5.10034e-32
Vector
9.92418e+31
-1.20599e-29
-3.49461e-27
1.38817e+27
-1.10288e-35
-2.0556e-31
8.49398e+25
-2.74535e-36
-5.10034e-32
Vector
2.46514e+31
-1.86122e-31
-8.67318e-28
8.67603e+25
-1.10284e-35
-2.0556e-31
2.1235e+25
-2.74531e-36
-1.26542e-32
Vector
2.44923e+31
-4.63363e-32
-8.67318e-28
1.37846e+27
-1.10288e-35
-2.0556e-31
8.49398e+25
-2.74535e-36
-5.10034e-32
Vector
2.44923e+31
-4.63363e-32
-8.67318e-28
1.37846e+27
-1.10288e-35
-2.0556e-31
8.49398e+25
-2.74535e-36
-5.10034e-32
Vector
2.44923e+31
-4.63363e-32
-8.67318e-28
1.37846e+27
-1.10288e-35
-2.0556e-31
8.49398e+25
-2.74535e-36
-5.10034e-32
Vector
1.52083e+30
-1.15356e-32
-2.15245e-28
1.37846e+27
-1.10288e-35
-2.0556e-31
8.49398e+25
-2.74535e-36
-5.10034e-32
Vector
1.52083e+30
-1.15356e-32
-2.15245e-28
1.37846e+27
-1.10288e-35
-2.0556e-31
8.49398e+25
-2.74535e-36
-5.10034e-32
Vector
9.38089e+28
-7.1493e-34
-3.33846e-30
8.49398e+25
-1.10284e-35
-2.0556e-31
2.10832e+25
-2.73355e-36
-1.28471e-32
Vector
9.38089e+28
-7.1493e-34
-3.33846e-30
8.49398e+25
-1.10284e-35
-2.0556e-31
2.10832e+25
-2.73355e-36
-1.28471e-32
Vector
2.31415e+28
-7.14918e-34
-3.33846e-30
8.49398e+25
-1.10284e-35
-2.0556e-31
2.10832e+25
-1.09812e-35
-5.17752e-32
Vector
5.70771e+27
-1.77974e-34
-2.0556e-31
8.49398e+25
-1.10284e-35
-5.10034e-32
5.27081e+24
-1.0981e-35
-5.17752e-32
Vector
5.70771e+27
-1.77974e-34
-2.0556e-31
8.49398e+25
-2.74535e-36
-5.10034e-32
2.10832e+25
-4.4113e-35
-3.38786e-30
Vector
1.39787e+27
-1.10288e-35
-2.0556e-31
2.10832e+25
-6.83388e-37
-1.26542e-32
2.0781e+25
-1.74944e-34
-8.59267e-31
Vector
1.38817e+27
-1.10288e-35
-2.0556e-31
2.10832e+25
-2.74531e-36
-5.10034e-32
1.33969e+27
-7.05832e-34
-5.49946e-29
Vector
8.61535e+25
-2.74535e-36
-5.10034e-32
5.23288e+24
-1.0981e-35
-1.28471e-32
5.39761e+27
-2.83541e-33
-2.21562e-28
Vector
2.1235e+25
-6.83388e-37
-1.26542e-32
5.23288e+24
-1.0981e-35
-5.17752e-32
2.19012e+28
-1.139e-32
-8.92585e-28
Vector
5.19525e+24
-6.80427e-37
-7.90862e-34
1.28933e+24
-4.39227e-35
-3.26002e-33
5.39807e+27
-4.57518e-32
-8.92585e-28
Vector
5.19525e+24
-6.80427e-37
-7.90862e-34
5.15733e+24
-1.76446e-34
-5.29338e-32
5.47574e+27
-1.83777e-31
-5.83419e-26
Vector
5.19525e+24
-6.80427e-37
-7.90862e-34
2.06293e+25
-1.76449e-34
-5.29338e-32
5.51458e+27
-7.38191e-31
-2.34989e-25
Vector
5.19525e+24
-6.80427e-37
-3.18761e-33
8.37309e+25
-2.84731e-33
-8.59315e-31
9.07116e+28
-1.19597e-29
-6.09894e-23
Vector
1.28933e+24
-6.80415e-37
-3.18761e-33
8.31312e+25
-1.13407e-32
-3.46182e-30
5.88508e+30
-1.92943e-28
-3.98304e-21
Vector
1.28933e+24
-6.80415e-37
-3.18761e-33
8.31312e+25
-1.13407e-32
-3.46182e-30
5.88508e+30
-1.92943e-28
-3.98304e-21
Vector
8.31217e+25
-1.09809e-35
-1.28471e-32
1.36882e+27
-1.8378e-31
-8.92585e-28
1.48121e+30
-4.97981e-26
-1.60376e-20
Vector
8.31217e+25
-4.41115e-35
-5.17752e-32
5.51412e+27
-7.38215e-31
-1.44841e-26
2.38585e+31
-8.03257e-25
-2.60003e-19
Vector
3.32487e+26
-4.41123e-35
-8.40778e-31
2.22118e+28
-1.19102e-29
-5.83419e-26
1.53712e+33
-3.2261e-24
-1.69668e-17
Vector
2.09327e+25
-7.05796e-34
-1.36497e-29
9.00902e+28
-4.74446e-29
-2.34977e-25
2.50814e+34
-5.20337e-23
-6.83024e-17
Vector
8.37309e+25
-2.83527e-33
-5.49946e-29
1.45139e+30
-1.90573e-28
-9.46395e-25
1.01629e+35
-8.39169e-22
-2.74951e-16
Vector
1.38824e+27
-1.139e-32
-2.21562e-28
1.47127e+30
-1.90573e-28
-2.48921e-22
2.63506e+37
-1.35334e-20
-1.10677e-15
Vector
5.55296e+27
-1.83783e-31
-8.92585e-28
9.47976e+31
-3.08719e-27
-6.45757e-20
1.07404e+38
-5.44824e-20
-7.12792e-14
Vector
5.55296e+27
-7.38215e-31
-1.44841e-26
9.47976e+31
-2.0001e-25
-1.04682e-18
nan
-5.44841e-20
-7.12792e-14
Vector
2.22118e+28
-1.19102e-29
-1.44841e-26
1.52694e+33
-8.03295e-25
-1.69668e-17
nan
-1.35338e-20
-7.12792e-14
Vector
2.25225e+28
-1.18116e-29
-2.34977e-25
2.49185e+34
-1.29567e-23
-6.83024e-17
1.11402e+38
-1.36214e-20
-4.56198e-12
Vector
2.25225e+28
-1.18116e-29
-2.34977e-25
2.49185e+34
-1.29567e-23
-6.83024e-17
1.11402e+38
-1.36214e-20
-4.56198e-12
Vector
2.25225e+28
-1.18116e-29
-2.34977e-25
2.50814e+34
-1.29567e-23
-6.83024e-17
1.11402e+38
-1.36214e-20
-4.56198e-12
Vector
2.25225e+28
-1.18116e-29
-2.34977e-25
2.50814e+34
-1.29567e-23
-6.83024e-17
1.11402e+38
-1.36214e-20
-4.56198e-12
Vector
9.00902e+28
-4.74446e-29
-9.46395e-25
1.0228e+35
-8.39169e-22
-2.74951e-16
nan
-5.49109e-20
-7.39047e-11
Vector
9.00902e+28
-4.74446e-29
-9.46395e-25
1.0228e+35
-8.39169e-22
-2.74951e-16
nan
-5.49109e-20
-7.39047e-11
Vector
1.45139e+30
-4.76433e-29
-6.09861e-23
1.64691e+36
-3.37002e-21
-4.39922e-15
-1.55767e-38
-2.21358e-19
-1.19708e-09
Vector
1.45139e+30
-4.76433e-29
-6.09861e-23
1.64691e+36
-3.37002e-21
-4.39922e-15
-1.55767e-38
-2.21358e-19
-1.19708e-09
Vector
5.80554e+30
-1.91365e-28
-3.98283e-21
2.65174e+37
-1.35334e-20
-1.09284e-15
-6.23068e-38
-3.59604e-18
-4.81756e-09
Vector
5.80554e+30
-1.91365e-28
-3.98283e-21
2.65174e+37
-1.35334e-20
-1.09284e-15
-6.23068e-38
-3.59604e-18
-4.81756e-09
Vector
1.48121e+30
-7.68629e-28
-1.60376e-20
1.06737e+38
-3.37017e-21
-1.09284e-15
-2.50702e-37
-1.4493e-17
-4.81756e-09
Vector
5.92485e+30
-2.00003e-25
-6.45757e-20
1.08738e+38
-8.39234e-22
-4.39922e-15
-4.03484e-36
-2.35371e-16
-4.81756e-09
Vector
9.60652e+31
-8.03282e-25
-1.04682e-18
1.10735e+38
-8.42569e-22
-2.81557e-13
-6.49351e-35
-5.97135e-17
-1.91547e-08
Vector
9.60652e+31
-8.03282e-25
-1.04682e-18
1.10735e+38
-8.42569e-22
-2.81557e-13
-6.49351e-35
-5.97135e-17
-1.91547e-08
Vector
6.1889e+33
-3.22621e-24
-1.69668e-17
2.76837e+37
-3.38346e-21
-1.13336e-12
-2.62761e-34
-5.97152e-17
-4.75946e-09
Vector
1.01629e+35
-5.20345e-23
-1.69668e-17
nan
-1.36219e-20
-4.56198e-12
-1.06308e-33
-5.97152e-17
-1.91547e-08
Vector
1.01629e+35
-5.20345e-23
-1.69668e-17
nan
-1.36219e-20
-4.56198e-12
-1.06308e-33
-5.97152e-17
-1.91547e-08
Vector
4.11728e+35
-8.39182e-22
-1.69668e-17
-1.53012e-38
-5.49126e-20
-7.39047e-11
-2.65771e-34
-2.38854e-16
-1.9388e-08
Vector
1.65734e+36
-8.39195e-22
-1.09284e-15
-6.23068e-38
-5.61881e-20
-1.18256e-09
-1.06308e-33
-9.62382e-16
-1.9388e-08
Vector
2.66842e+37
-8.39221e-22
-1.09284e-15
-6.26756e-38
-9.12562e-19
-1.18256e-09
-4.25233e-33
-9.62409e-16
-1.9388e-08
Vector
2.6851e+37
-3.37012e-21
-4.39922e-15
-2.52177e-37
-9.12589e-19
-4.75946e-09
-4.2765e-33
-9.62409e-16
-1.9388e-08
Vector
2.6851e+37
-1.35334e-20
-1.77083e-14
-4.05844e-36
-9.12642e-19
-4.75946e-09
-4.27669e-33
-2.38861e-16
-4.81779e-09
Vector
1.10068e+38
-3.38351e-21
-2.81557e-13
-6.53098e-35
-9.12668e-19
-1.18256e-09
-4.27669e-33
-2.38861e-16
-4.81779e-09
Vector
nan
-3.38356e-21
-2.81557e-13
-4.05826e-36
-5.61914e-20
-2.93814e-10
-1.06313e-33
-5.92798e-17
-1.19714e-09
Vector
nan
-3.38356e-21
-2.81557e-13
-4.05826e-36
-5.61914e-20
-2.93814e-10
-1.06313e-33
-5.92798e-17
-1.19714e-09
Vector
-1.53934e-38
-3.38361e-21
-2.81557e-13
-1.01456e-36
-5.61897e-20
-1.81351e-11
-2.64272e-34
-5.92781e-17
-2.97459e-10
Vector
-1.53934e-38
-3.38361e-21
-2.81557e-13
-1.01456e-36
-5.61897e-20
-1.81351e-11
-2.64272e-34
-5.92781e-17
-2.97459e-10
Vector
-1.53934e-38
-3.38361e-21
-2.81557e-13
-2.52166e-37
-1.39411e-20
-4.50525e-12
-6.56903e-35
-1.47107e-17
-7.39083e-11
Vector
-1.53934e-38
-3.38361e-21
-2.81557e-13
-2.52166e-37
-1.39411e-20
-4.50525e-12
-6.56903e-35
-1.47107e-17
-7.39083e-11
Vector
-1.53934e-38
-3.38361e-21
-2.81557e-13
-2.52166e-37
-1.39411e-20
-4.50525e-12
-6.56903e-35
-1.47107e-17
-7.39083e-11
Vector
-1.54856e-38
-3.38361e-21
-1.13336e-12
-2.50691e-37
-1.39411e-20
-4.50525e-12
-6.49351e-35
-1.47107e-17
-7.39083e-11
Vector
-1.54856e-38
-3.38361e-21
-1.13336e-12
-2.50691e-37
-1.39411e-20
-4.50525e-12
-6.49351e-35
-1.47107e-17
-7.39083e-11
Vector
-1.54856e-38
-3.38361e-21
-1.13336e-12
-2.50691e-37
-1.39411e-20
-4.50525e-12
-6.49351e-35
-1.47107e-17
-7.39083e-11
Vector
-1.54856e-38
-3.38361e-21
-1.13336e-12
-2.50691e-37
-1.39411e-20
-4.50525e-12
-6.49351e-35
-1.47107e-17
-7.39083e-11
Vector
-1.54856e-38
-3.38361e-21
-1.13336e-12
-2.50691e-37
-1.39411e-20
-4.50525e-12
-6.49351e-35
-1.47107e-17
-7.39083e-11
Vector
-1.54856e-38
-3.38361e-21
-2.81557e-13
-2.50691e-37
-3.45882e-21
-4.50525e-12
-6.49351e-35
-3.65057e-18
-4.5622e-12
Vector
-1.54856e-38
-3.38361e-21
-2.81557e-13
-2.50691e-37
-3.45882e-21
-4.50525e-12
-6.49351e-35
-3.65057e-18
-4.5622e-12
Vector
-1.54856e-38
-3.38361e-21
-2.81557e-13
-2.52166e-37
-3.45882e-21
-4.50525e-12
-4.03484e-36
-2.24759e-19
-4.5622e-12
Vector
-1.54856e-38
-3.38361e-21
-2.81557e-13
-2.52166e-37
-3.45882e-21
-4.50525e-12
-4.03484e-36
-2.24759e-19
-4.5622e-12
Vector
-1.54856e-38
-3.38361e-21
-2.81557e-13
-2.52166e-37
-3.45882e-21
-4.50525e-12
-4.03484e-36
-2.24759e-19
-4.5622e-12
Vector
-1.54856e-38
-3.38361e-21
-2.81557e-13
-6.30415e-38
-3.45871e-21
-1.11918e-12
-2.49227e-37
-5.57629e-20
-2.81571e-13
Vector
-1.54856e-38
-3.38361e-21
-2.81557e-13
-6.30415e-38
-3.45871e-21
-1.11918e-12
-2.49227e-37
-5.57629e-20
-2.81571e-13
Vector
-1.54856e-38
-3.38361e-21
-2.81557e-13
-6.30415e-38
-3.45871e-21
-1.11918e-12
-2.49227e-37
-5.57629e-20
-2.81571e-13
Vector
-1.54856e-38
-3.38361e-21
-2.81557e-13
-6.30415e-38
-3.45871e-21
-1.11918e-12
-2.49227e-37
-5.57629e-20
-2.81571e-13
Vector
-1.54856e-38
-3.38361e-21
-2.81557e-13
-6.30415e-38
-3.45871e-21
-1.11918e-12
-2.49227e-37
-5.57629e-20
-2.81571e-13
Vector
-1.54856e-38
-3.38361e-21
-2.81557e-13
-6.30415e-38
-3.45871e-21
-1.11918e-12
-6.1938e-38
-1.38344e-20
-6.99469e-14
Vector
nan
-3.38356e-21
-2.81557e-13
-1.56682e-38
-8.58035e-22
-2.78011e-13
-1.53923e-38
-3.43204e-21
-1.73753e-14
Vector
nan
-3.38356e-21
-2.81557e-13
-1.56682e-38
-8.58035e-22
-2.78011e-13
-1.53923e-38
-3.43204e-21
-1.73753e-14
Vector
nan
-3.38356e-21
-2.81557e-13
-1.5576e-38
-8.58035e-22
-6.9057e-14
nan
-8.51365e-22
-4.31595e-15
Vector
nan
-3.38356e-21
-2.81557e-13
-1.5576e-38
-8.58035e-22
-6.9057e-14
nan
-8.51365e-22
-4.31595e-15
Vector
nan
-3.38356e-21
-2.81557e-13
-1.5576e-38
-8.58035e-22
-6.9057e-14
nan
-8.51365e-22
-4.31595e-15
Vector
1.10073e+38
-3.37017e-21
-4.39922e-15
nan
-8.51365e-22
-4.31595e-15
2.73481e+37
-1.31132e-23
-6.61306e-17
Vector
1.10073e+38
-3.37017e-21
-4.39922e-15
nan
-8.51365e-22
-4.31595e-15
2.73481e+37
-1.31132e-23
-6.61306e-17
Vector
1.10073e+38
-3.37017e-21
-4.39922e-15
nan
-8.51365e-22
-4.31595e-15
2.73481e+37
-1.31132e-23
-6.61306e-17
Vector
1.10073e+38
-3.37017e-21
-4.39922e-15
nan
-8.51365e-22
-4.31595e-15
6.79533e+36
-3.26533e-24
-1.64238e-17
Vector
1.10073e+38
-3.37017e-21
-4.39922e-15
nan
-8.51365e-22
-4.31595e-15
6.79533e+36
-3.26533e-24
-1.64238e-17
Vector
1.10073e+38
-3.37017e-21
-4.39922e-15
nan
-8.51365e-22
-4.31595e-15
1.68841e+36
-8.1309e-25
-4.07874e-18
Vector
1.10073e+38
-3.37017e-21
-4.39922e-15
nan
-8.51365e-22
-4.31595e-15
1.68841e+36
-8.1309e-25
-4.07874e-18
Vector
1.10073e+38
-3.37017e-21
-4.39922e-15
nan
-8.51365e-22
-4.31595e-15
1.68841e+36
-8.1309e-25
-4.07874e-18
Vector
nan
-3.37022e-21
-4.39922e-15
nan
-8.51365e-22
-1.73753e-14
4.22102e+35
-2.02461e-25
-4.07874e-18
Vector
nan
-3.37022e-21
-4.39922e-15
nan
-8.51365e-22
-1.73753e-14
1.04874e+35
-5.04126e-26
-1.01288e-18
Vector
nan
-3.37022e-21
-4.39922e-15
nan
-8.51365e-22
-1.73753e-14
1.04874e+35
-5.04126e-26
-1.01288e-18
Vector
nan
-3.37022e-21
-4.39922e-15
nan
-8.51365e-22
-1.73753e-14
1.04874e+35
-5.04126e-26
-1.01288e-18
Vector
nan
-3.37022e-21
-4.39922e-15
nan
-8.51365e-22
-1.73753e-14
1.04874e+35
-5.04126e-26
-1.01288e-18
Vector
nan
-3.37022e-21
-4.39922e-15
nan
-8.51365e-22
-1.73753e-14
1.04874e+35
-5.04126e-26
-1.01288e-18
Vector
nan
-3.37022e-21
-4.39922e-15
nan
-8.51365e-22
-1.73753e-14
1.04874e+35
-5.04126e-26
-1.01288e-18
Vector
nan
-3.43193e-21
-6.99469e-14
-1.54845e-38
-8.51391e-22
-6.61307e-17
1.04874e+35
-5.04126e-26
-2.5152e-19
Vector
nan
-3.43193e-21
-6.99469e-14
-6.1938e-38
-8.51417e-22
-1.64238e-17
1.04874e+35
-5.04126e-26
-2.5152e-19
Vector
nan
-3.43193e-21
-6.99469e-14
-6.1938e-38
-8.51417e-22
-1.64238e-17
1.04874e+35
-5.04126e-26
-2.5152e-19
Vector
1.11402e+38
-3.43183e-21
-1.73753e-14
-6.15692e-38
-2.11479e-22
-1.01288e-18
1.04874e+35
-5.04126e-26
-1.55074e-20
Vector
1.11402e+38
-3.43183e-21
-1.73753e-14
-6.15692e-38
-2.11479e-22
-1.01288e-18
1.04874e+35
-5.04126e-26
-1.55074e-20
Vector
-1.55767e-38
-3.43204e-21
-6.99469e-14
nan
-1.31136e-23
-1.01288e-18
1.04874e+35
-5.04126e-26
-1.55074e-20
Vector
-1.55767e-38
-3.43204e-21
-6.99469e-14
nan
-1.31136e-23
-1.01288e-18
1.04874e+35
-5.04126e-26
-1.55074e-20
Vector
-1.55767e-38
-3.43204e-21
-6.99469e-14
6.87874e+36
-3.26533e-24
-1.01288e-18
2.62185e+34
-1.25525e-26
-3.85028e-21
Vector
-1.55767e-38
-3.43204e-21
-6.99469e-14
6.87874e+36
-3.26533e-24
-1.01288e-18
2.62185e+34
-1.25525e-26
-3.85028e-21
Vector
-6.23068e-38
-2.11479e-22
-6.99469e-14
4.3774e+35
-1.25529e-26
-1.01288e-18
2.62185e+34
-7.78218e-28
-1.55074e-20
Vector
-6.23068e-38
-2.11479e-22
-6.99469e-14
4.3774e+35
-1.25529e-26
-1.01288e-18
2.62185e+34
-7.78218e-28
-1.55074e-20
Vector
nan
-8.51365e-22
-6.99469e-14
2.65443e+34
-5.04118e-26
-1.01288e-18
1.62847e+33
-7.78194e-28
-9.55927e-22
Vector
nan
-8.51365e-22
-6.99469e-14
2.65443e+34
-5.04118e-26
-1.01288e-18
1.62847e+33
-7.78194e-28
-9.55927e-22
